Key timer_5:
  0
  1
  0
  0
  0
  0
  0
  0
  0
  0
  1
  0
  0
  0
  0
  0
  0
  0
  0
  0
  83
  78
  73
  68
  63
  58
  53
  48
  44
  39
  34
  29
  24
  19
  14
  9
  4
  23
  19
  14
  9
  4
  92
  87
  82
  77
  72
  67
  62
  57
  52
  47
  42
  37
  32
  27
  23
  18
  13
  8
  3
  110
  105
  100
  95
  90
  85
  80
  75
  70
  65
  60
  55
  50
  45
  41
  36
  31
  26
  21
  16
  11
  6
  1
  108
  105
  100
  95
  90
  85
  80
  75
  70
  66
  61
  56
  51
  46
  41
  36
  31
  26
  21
  16
  11
  6
  3
  109
  104
  99
  94
  89
  85
  80
  75
  70
  65
  60
  55
  50
  45
  40
  35
  30
  26
  21
  16
  11
  6
  13
  111
  106
  102
  97
  92
  92
  87
  82
  77
  72
  68
  63
  58
  53
  48
  43
  38
  33
  28
  23
  18
  13
  8
  11
  113
  108
  104
  100
  95
  90
  85
  80
  75
  70
  65
  60
  55
  50
  45
  40
  36
  31
  26
  21
  16
  11
  6
  6
  111
  107
  102
  97
  92
  87
  82
  77
  73
  68
  63
  58
  53
  48
  43
  38
  33
  28
  23
  18
  13
  8
  4
  197
  193
  188
  183
  178
  173
  168
  163
  158
  153
  148
  143
  138
  133
  128
  124
  119
  114
  109
  104
  99
  94
  89
  84
  79
  74
  69
  64
  59
  55
  50
  45
  40
  35
  30
  25
  20
  15
  10
  5
  116
  209
  204
  199
  194
  189
  184
  179
  174
  170
  165
  160
  155
  150
  145
  140
  135
  130
  125
  120
  115
  110
  106
  101
  97
  92
  87
  82
  77
  72
  67
  62
  57
  52
  47
  43
  38
  33
  28
  23
  18
  13
  8
  16
  212
  207
  202
  198
  193
  188
  183
  178
  173
  168
  163
  159
  154
  149
  144
  139
  134
  129
  124
  119
  114
  109
  104
  99
  94
  90
  85
  80
  75
  70
  65
  60
  55
  50
  45
  40
  35
  30
  25
  21
  16
  11
  6
  120
  209
  204
  199
  195
  190
  185
  180
  175
  170
  165
  160
  155
  150
  145
  140
  136
  131
  126
  121
  116
  111
  106
  101
  96
  92
  87
  82
  77
  72
  68
  63
  58
  53
  48
  43
  38
  33
  28
  23
  18
  13
  8
  12
  217
  212
  208
  205
  201
  196
  191
  186
  181
  176
  171
  166
  161
  156
  151
  146
  141
  137
  132
  127
  122
  117
  112
  107
  102
  97
  92
  87

Key sub_5:
  0
  0
  0
  0
  0
  0
  0
  0
  0
  0
  0
  0
  0
  0
  0
  0
  0
  0
  0
  0
  1
  2
  3
  4
  7
  8
  9
  10
  13
  14
  20
  20
  22
  22
  22
  22
  24
  0
  1
  2
  90
  91
  1
  2
  5
  6
  7
  8
  11
  12
  18
  19
  22
  22
  22
  22
  24
  24
  24
  24
  111
  1
  2
  3
  6
  7
  8
  9
  12
  13
  19
  21
  22
  22
  22
  22
  24
  24
  24
  24
  111
  111
  111
  111
  3
  2
  3
  4
  7
  8
  14
  15
  18
  19
  20
  21
  23
  23
  23
  23
  110
  110
  110
  110
  112
  112
  111
  1
  4
  5
  11
  12
  15
  16
  17
  18
  22
  23
  24
  24
  111
  111
  111
  111
  113
  112
  112
  112
  114
  102
  7
  8
  10
  11
  12
  8
  11
  12
  13
  14
  103
  104
  104
  104
  106
  106
  105
  105
  107
  107
  112
  112
  114
  107
  2
  3
  5
  6
  7
  8
  96
  97
  99
  100
  103
  104
  104
  104
  106
  105
  110
  110
  112
  112
  112
  112
  114
  109
  2
  2
  90
  91
  92
  93
  97
  98
  99
  100
  103
  103
  108
  108
  110
  109
  109
  109
  111
  111
  111
  111
  198
  2
  3
  4
  7
  8
  10
  11
  14
  15
  21
  22
  24
  24
  24
  24
  26
  26
  25
  25
  113
  112
  112
  112
  114
  114
  114
  114
  116
  116
  121
  122
  124
  124
  124
  124
  126
  126
  126
  126
  213
  99
  4
  5
  8
  9
  10
  11
  14
  15
  21
  22
  25
  26
  26
  26
  28
  28
  28
  28
  115
  115
  115
  115
  117
  116
  116
  116
  118
  117
  122
  122
  124
  124
  124
  124
  126
  126
  126
  126
  213
  213
  213
  213
  200
  4
  5
  6
  8
  9
  15
  16
  19
  20
  21
  22
  24
  24
  24
  24
  111
  111
  111
  111
  113
  113
  113
  113
  115
  115
  120
  121
  123
  123
  122
  122
  124
  124
  124
  124
  211
  211
  211
  211
  213
  213
  213
  213
  96
  4
  10
  11
  14
  15
  16
  17
  20
  21
  22
  23
  111
  111
  111
  111
  113
  113
  113
  113
  115
  115
  120
  120
  122
  121
  121
  121
  123
  123
  122
  122
  209
  209
  209
  209
  211
  211
  211
  211
  213
  213
  218
  210

Key timer_20:
  0
  0
  0
  0
  0
  68
  48
  29
  9
  13
  86
  67
  47
  27
  7
  99
  80
  60
  40
  21
  7
  95
  75
  55
  36
  16
  109
  89
  69
  50
  30
  10
  105
  92
  72
  52
  33
  13
  108
  89
  70
  50
  30
  11
  107
  87
  67
  48
  28
  8
  187
  168
  148
  128
  108
  89
  69
  49
  30
  10
  204
  184
  164
  145
  125
  105
  87
  67
  47
  27
  8
  201
  183
  163
  143
  124
  104
  84
  65
  45
  25
  5
  199
  180
  160
  140
  120
  101
  82
  62
  43
  23
  18
  205
  185
  166
  146
  126
  107
  87

Key sub_20:
  0
  0
  0
  0
  0
  5
  11
  20
  22
  3
  3
  9
  20
  22
  24
  4
  10
  20
  22
  24
  105
  5
  16
  21
  23
  110
  2
  13
  20
  24
  110
  112
  9
  9
  16
  104
  105
  112
  4
  9
  101
  103
  110
  112
  3
  94
  101
  108
  109
  111
  5
  12
  22
  24
  25
  112
  114
  122
  124
  126
  6
  12
  23
  26
  28
  115
  115
  122
  124
  126
  213
  7
  17
  22
  24
  111
  113
  121
  122
  124
  211
  213
  12
  18
  24
  111
  113
  120
  121
  122
  209
  211
  205

Key timer_50:
  0
  0
  38
  13
  57
  7
  70
  20
  85
  35
  99
  49
  26
  72
  23
  89
  40
  106
  57
  8
  157
  108
  59
  10
  174
  125
  76
  27
  192
  143
  94
  45
  209
  160
  110
  62
  13
  185
  136
  87

Key sub_50:
  0
  2
  15
  5
  13
  26
  14
  26
  9
  25
  6
  26
  90
  18
  107
  11
  105
  5
  103
  113
  16
  27
  116
  128
  16
  30
  117
  128
  10
  26
  114
  126
  5
  26
  115
  124
  213

Key timer_100:
  0
  13
  7
  20
  35
  49
  72
  89
  106
  8
  108
  9
  124
  27
  143
  44
  159
  62
  185
  86

Key sub_100:
  7
  10
  31
  31
  30
  31
  23
  16
  10
  118
  32
  133
  35
  133
  31
  131
  31
  129

